2.9845 0.044193
2.98475 0.062204
2.985 0.103179
2.98525 0.183057
2.9855 0.261378
2.98575 0.393336
2.986 0.543534
2.98625 0.700005
2.9865 0.876209
2.98675 1.05316
2.987 1.23296
2.98725 1.41248
2.9875 1.59028
2.98775 1.75465
2.988 1.91587
2.98825 2.07562
2.9885 2.22701
2.98875 2.36246
2.989 2.47969
2.98925 2.57811
2.9895 2.65433
2.98975 2.71173
2.99 2.75749
2.99025 2.80202
2.9905 2.84106
2.99075 2.87163
2.991 2.89853
2.99125 2.92124
2.9915 2.93757
2.99175 2.95137
2.992 2.9664
2.99225 2.9729
2.9925 2.97738
2.99275 2.97879
2.993 2.9789
2.99325 2.98063
2.9935 2.98307
2.99375 2.97973
2.994 2.9804
2.99425 2.97343
2.9945 2.9571
2.99475 2.94261
2.995 2.92959
2.99525 2.91443
2.9955 2.90196
2.99575 2.89128
2.996 2.8822
2.99625 2.87513
2.9965 2.86916
2.99675 2.86635
2.997 2.86433
2.99725 2.86151
2.9975 2.85916
2.99775 2.85495
2.998 2.84971
2.99825 2.8498
2.9985 2.8444
2.99875 2.83245
2.999 2.82316
2.99925 2.8067
2.9995 2.78199
2.99975 2.76048
3 2.74427
3.00025 2.72696
3.0005 2.7177
3.00075 2.71086
3.001 2.70747
3.00125 2.70609
3.0015 2.70344
3.00175 2.70348
3.002 2.70373
3.00225 2.70448
3.0025 2.70643
3.00275 2.70918
3.003 2.71208
3.00325 2.7234
3.0035 2.73102
3.00375 2.73303
3.004 2.73713
3.00425 2.73272
3.0045 2.71708
3.00475 2.70247
3.005 2.69074
3.00525 2.67482
3.0055 2.66389
3.00575 2.65496
3.006 2.64825
3.00625 2.64197
3.0065 2.63772
3.00675 2.6332
3.007 2.6318
3.00725 2.62739
3.0075 2.62424
3.00775 2.62075
3.008 2.62017
3.00825 2.62576
3.0085 2.62801
3.00875 2.6214
3.009 2.61847
3.00925 2.60248
3.0095 2.57253
3.00975 2.54122
3.01 2.5105
3.01025 2.46631
3.0105 2.42061
3.01075 2.3684
3.011 2.30838
3.01125 2.23979
3.0115 2.16267
3.01175 2.07723
3.012 1.98224
3.01225 1.87739
3.0125 1.76127
3.01275 1.63495
3.013 1.49996
3.01325 1.35995
3.0135 1.19621
3.01375 1.02049
3.014 0.865441
3.01425 0.709193
3.0145 0.552803
3.01475 0.420985
3.015 0.310697
3.01525 0.195493
3.0155 0.149515
3.01575 0.097383
3.016 0.07918
3.01625 0.079675
3.0165 0.044193
3.01675 0.062204
3.017 0.103179
3.01725 0.183057
3.0175 0.261378
3.01775 0.393336
3.018 0.543534
3.01825 0.700005
3.0185 0.876209
3.01875 1.05316
3.019 1.23296
3.01925 1.41248
3.0195 1.59028
3.01975 1.75465
3.02 1.91587
3.02025 2.07562
3.0205 2.22701
3.02075 2.36246
3.021 2.47969
3.02125 2.57811
3.0215 2.65433
3.02175 2.71173
3.022 2.75749
3.02225 2.80202
3.0225 2.84106
3.02275 2.87163
3.023 2.89853
3.02325 2.92124
3.0235 2.93757
3.02375 2.95137
3.024 2.9664
3.02425 2.9729
3.0245 2.97738
3.02475 2.97879
3.025 2.9789
3.02525 2.98063
3.0255 2.98307
3.02575 2.97973
3.026 2.9804
3.02625 2.97343
3.0265 2.9571
3.02675 2.94261
3.027 2.92959
3.02725 2.91443
3.0275 2.90196
3.02775 2.89128
3.028 2.8822
3.02825 2.87513
3.0285 2.86916
3.02875 2.86635
3.029 2.86433
3.02925 2.86151
3.0295 2.85916
3.02975 2.85495
3.03 2.84971
3.03025 2.8498
3.0305 2.8444
3.03075 2.83245
3.031 2.82316
3.03125 2.8067
3.0315 2.78199
3.03175 2.76048
3.032 2.74427
3.03225 2.72696
3.0325 2.7177
3.03275 2.71086
3.033 2.70747
3.03325 2.70609
3.0335 2.70344
3.03375 2.70348
3.034 2.70373
3.03425 2.70448
3.0345 2.70643
3.03475 2.70918
3.035 2.71208
3.03525 2.7234
3.0355 2.73102
3.03575 2.73303
3.036 2.73713
3.03625 2.73272
3.0365 2.71708
3.03675 2.70247
3.037 2.69074
3.03725 2.67482
3.0375 2.66389
3.03775 2.65496
3.038 2.64825
3.03825 2.64197
3.0385 2.63772
3.03875 2.6332
3.039 2.6318
3.03925 2.62739
3.0395 2.62424
3.03975 2.62075
3.04 2.62017
3.04025 2.62576
3.0405 2.62801
3.04075 2.6214
3.041 2.61847
3.04125 2.60248
3.0415 2.57253
3.04175 2.54122
3.042 2.5105
3.04225 2.46631
3.0425 2.42061
3.04275 2.3684
3.043 2.30838
3.04325 2.23979
3.0435 2.16267
3.04375 2.07723
3.044 1.98224
3.04425 1.87739
3.0445 1.76127
3.04475 1.63495
3.045 1.49996
3.04525 1.35995
3.0455 1.19621
3.04575 1.02049
3.046 0.865441
3.04625 0.709193
3.0465 0.552803
3.04675 0.420985
3.047 0.310697
3.04725 0.195493
3.0475 0.149515
3.04775 0.097383
3.048 0.07918
3.04825 0.079675
3.0485 0.044193
3.04875 0.062204
3.049 0.103179
3.04925 0.183057
3.0495 0.261378
3.04975 0.393336
3.05 0.543534
3.05025 0.700005
3.0505 0.876209
3.05075 1.05316
3.051 1.23296
3.05125 1.41248
3.0515 1.59028
3.05175 1.75465
3.052 1.91587
3.05225 2.07562
3.0525 2.22701
3.05275 2.36246
3.053 2.47969
3.05325 2.57811
3.0535 2.65433
3.05375 2.71173
3.054 2.75749
3.05425 2.80202
3.0545 2.84106
3.05475 2.87163
3.055 2.89853
3.05525 2.92124
3.0555 2.93757
3.05575 2.95137
3.056 2.9664
3.05625 2.9729
3.0565 2.97738
3.05675 2.97879
3.057 2.9789
3.05725 2.98063
3.0575 2.98307
3.05775 2.97973
3.058 2.9804
3.05825 2.97343
3.0585 2.9571
3.05875 2.94261
3.059 2.92959
3.05925 2.91443
3.0595 2.90196
3.05975 2.89128
3.06 2.8822
3.06025 2.87513
3.0605 2.86916
3.06075 2.86635
3.061 2.86433
3.06125 2.86151
3.0615 2.85916
3.06175 2.85495
3.062 2.84971
3.06225 2.8498
3.0625 2.8444
3.06275 2.83245
3.063 2.82316
3.06325 2.8067
3.0635 2.78199
3.06375 2.76048
3.064 2.74427
3.06425 2.72696
3.0645 2.7177
3.06475 2.71086
3.065 2.70747
3.06525 2.70609
3.0655 2.70344
3.06575 2.70348
3.066 2.70373
3.06625 2.70448
3.0665 2.70643
3.06675 2.70918
3.067 2.71208
3.06725 2.7234
3.0675 2.73102
3.06775 2.73303
3.068 2.73713
3.06825 2.73272
3.0685 2.71708
3.06875 2.70247
3.069 2.69074
3.06925 2.67482
3.0695 2.66389
3.06975 2.65496
3.07 2.64825
3.07025 2.64197
3.0705 2.63772
3.07075 2.6332
3.071 2.6318
3.07125 2.62739
3.0715 2.62424
3.07175 2.62075
3.072 2.62017
3.07225 2.62576
3.0725 2.62801
3.07275 2.6214
3.073 2.61847
3.07325 2.60248
3.0735 2.57253
3.07375 2.54122
3.074 2.5105
3.07425 2.46631
3.0745 2.42061
3.07475 2.3684
3.075 2.30838
3.07525 2.23979
3.0755 2.16267
3.07575 2.07723
3.076 1.98224
3.07625 1.87739
3.0765 1.76127
3.07675 1.63495
3.077 1.49996
3.07725 1.35995
3.0775 1.19621
3.07775 1.02049
3.078 0.865441
3.07825 0.709193
3.0785 0.552803
3.07875 0.420985
3.079 0.310697
3.07925 0.195493
3.0795 0.149515
3.07975 0.097383
3.08 0.07918
3.08025 0.079675
3.1765 0.044193
3.17675 0.062204
3.177 0.103179
3.17725 0.183057
3.1775 0.261378
3.17775 0.393336
3.178 0.543534
3.17825 0.700005
3.1785 0.876209
3.17875 1.05316
3.179 1.23296
3.17925 1.41248
3.1795 1.59028
3.17975 1.75465
3.18 1.91587
3.18025 2.07562
3.1805 2.22701
3.18075 2.36246
3.181 2.47969
3.18125 2.57811
3.1815 2.65433
3.18175 2.71173
3.182 2.75749
3.18225 2.80202
3.1825 2.84106
3.18275 2.87163
3.183 2.89853
3.18325 2.92124
3.1835 2.93757
3.18375 2.95137
3.184 2.9664
3.18425 2.9729
3.1845 2.97738
3.18475 2.97879
3.185 2.9789
3.18525 2.98063
3.1855 2.98307
3.18575 2.97973
3.186 2.9804
3.18625 2.97343
3.1865 2.9571
3.18675 2.94261
3.187 2.92959
3.18725 2.91443
3.1875 2.90196
3.18775 2.89128
3.188 2.8822
3.18825 2.87513
3.1885 2.86916
3.18875 2.86635
3.189 2.86433
3.18925 2.86151
3.1895 2.85916
3.18975 2.85495
3.19 2.84971
3.19025 2.8498
3.1905 2.8444
3.19075 2.83245
3.191 2.82316
3.19125 2.8067
3.1915 2.78199
3.19175 2.76048
3.192 2.74427
3.19225 2.72696
3.1925 2.7177
3.19275 2.71086
3.193 2.70747
3.19325 2.70609
3.1935 2.70344
3.19375 2.70348
3.194 2.70373
3.19425 2.70448
3.1945 2.70643
3.19475 2.70918
3.195 2.71208
3.19525 2.7234
3.1955 2.73102
3.19575 2.73303
3.196 2.73713
3.19625 2.73272
3.1965 2.71708
3.19675 2.70247
3.197 2.69074
3.19725 2.67482
3.1975 2.66389
3.19775 2.65496
3.198 2.64825
3.19825 2.64197
3.1985 2.63772
3.19875 2.6332
3.199 2.6318
3.19925 2.62739
3.1995 2.62424
3.19975 2.62075
3.2 2.62017
3.20025 2.62576
3.2005 2.62801
3.20075 2.6214
3.201 2.61847
3.20125 2.60248
3.2015 2.57253
3.20175 2.54122
3.202 2.5105
3.20225 2.46631
3.2025 2.42061
3.20275 2.3684
3.203 2.30838
3.20325 2.23979
3.2035 2.16267
3.20375 2.07723
3.204 1.98224
3.20425 1.87739
3.2045 1.76127
3.20475 1.63495
3.205 1.49996
3.20525 1.35995
3.2055 1.19621
3.20575 1.02049
3.206 0.865441
3.20625 0.709193
3.2065 0.552803
3.20675 0.420985
3.207 0.310697
3.20725 0.195493
3.2075 0.149515
3.20775 0.097383
3.208 0.07918
3.20825 0.079675
3.2725 0.044193
3.27275 0.062204
3.273 0.103179
3.27325 0.183057
3.2735 0.261378
3.27375 0.393336
3.274 0.543534
3.27425 0.700005
3.2745 0.876209
3.27475 1.05316
3.275 1.23296
3.27525 1.41248
3.2755 1.59028
3.27575 1.75465
3.276 1.91587
3.27625 2.07562
3.2765 2.22701
3.27675 2.36246
3.277 2.47969
3.27725 2.57811
3.2775 2.65433
3.27775 2.71173
3.278 2.75749
3.27825 2.80202
3.2785 2.84106
3.27875 2.87163
3.279 2.89853
3.27925 2.92124
3.2795 2.93757
3.27975 2.95137
3.28 2.9664
3.28025 2.9729
3.2805 2.97738
3.28075 2.97879
3.281 2.9789
3.28125 2.98063
3.2815 2.98307
3.28175 2.97973
3.282 2.9804
3.28225 2.97343
3.2825 2.9571
3.28275 2.94261
3.283 2.92959
3.28325 2.91443
3.2835 2.90196
3.28375 2.89128
3.284 2.8822
3.28425 2.87513
3.2845 2.86916
3.28475 2.86635
3.285 2.86433
3.28525 2.86151
3.2855 2.85916
3.28575 2.85495
3.286 2.84971
3.28625 2.8498
3.2865 2.8444
3.28675 2.83245
3.287 2.82316
3.28725 2.8067
3.2875 2.78199
3.28775 2.76048
3.288 2.74427
3.28825 2.72696
3.2885 2.7177
3.28875 2.71086
3.289 2.70747
3.28925 2.70609
3.2895 2.70344
3.28975 2.70348
3.29 2.70373
3.29025 2.70448
3.2905 2.70643
3.29075 2.70918
3.291 2.71208
3.29125 2.7234
3.2915 2.73102
3.29175 2.73303
3.292 2.73713
3.29225 2.73272
3.2925 2.71708
3.29275 2.70247
3.293 2.69074
3.29325 2.67482
3.2935 2.66389
3.29375 2.65496
3.294 2.64825
3.29425 2.64197
3.2945 2.63772
3.29475 2.6332
3.295 2.6318
3.29525 2.62739
3.2955 2.62424
3.29575 2.62075
3.296 2.62017
3.29625 2.62576
3.2965 2.62801
3.29675 2.6214
3.297 2.61847
3.29725 2.60248
3.2975 2.57253
3.29775 2.54122
3.298 2.5105
3.29825 2.46631
3.2985 2.42061
3.29875 2.3684
3.299 2.30838
3.29925 2.23979
3.2995 2.16267
3.29975 2.07723
3.3 1.98224
3.30025 1.87739
3.3005 1.76127
3.30075 1.63495
3.301 1.49996
3.30125 1.35995
3.3015 1.19621
3.30175 1.02049
3.302 0.865441
3.30225 0.709193
3.3025 0.552803
3.30275 0.420985
3.303 0.310697
3.30325 0.195493
3.3035 0.149515
3.30375 0.097383
3.304 0.07918
3.30425 0.079675
3.3365 0.044193
3.33675 0.062204
3.337 0.103179
3.33725 0.183057
3.3375 0.261378
3.33775 0.393336
3.338 0.543534
3.33825 0.700005
3.3385 0.876209
3.33875 1.05316
3.339 1.23296
3.33925 1.41248
3.3395 1.59028
3.33975 1.75465
3.34 1.91587
3.34025 2.07562
3.3405 2.22701
3.34075 2.36246
3.341 2.47969
3.34125 2.57811
3.3415 2.65433
3.34175 2.71173
3.342 2.75749
3.34225 2.80202
3.3425 2.84106
3.34275 2.87163
3.343 2.89853
3.34325 2.92124
3.3435 2.93757
3.34375 2.95137
3.344 2.9664
3.34425 2.9729
3.3445 2.97738
3.34475 2.97879
3.345 2.9789
3.34525 2.98063
3.3455 2.98307
3.34575 2.97973
3.346 2.9804
3.34625 2.97343
3.3465 2.9571
3.34675 2.94261
3.347 2.92959
3.34725 2.91443
3.3475 2.90196
3.34775 2.89128
3.348 2.8822
3.34825 2.87513
3.3485 2.86916
3.34875 2.86635
3.349 2.86433
3.34925 2.86151
3.3495 2.85916
3.34975 2.85495
3.35 2.84971
3.35025 2.8498
3.3505 2.8444
3.35075 2.83245
3.351 2.82316
3.35125 2.8067
3.3515 2.78199
3.35175 2.76048
3.352 2.74427
3.35225 2.72696
3.3525 2.7177
3.35275 2.71086
3.353 2.70747
3.35325 2.70609
3.3535 2.70344
3.35375 2.70348
3.354 2.70373
3.35425 2.70448
3.3545 2.70643
3.35475 2.70918
3.355 2.71208
3.35525 2.7234
3.3555 2.73102
3.35575 2.73303
3.356 2.73713
3.35625 2.73272
3.3565 2.71708
3.35675 2.70247
3.357 2.69074
3.35725 2.67482
3.3575 2.66389
3.35775 2.65496
3.358 2.64825
3.35825 2.64197
3.3585 2.63772
3.35875 2.6332
3.359 2.6318
3.35925 2.62739
3.3595 2.62424
3.35975 2.62075
3.36 2.62017
3.36025 2.62576
3.3605 2.62801
3.36075 2.6214
3.361 2.61847
3.36125 2.60248
3.3615 2.57253
3.36175 2.54122
3.362 2.5105
3.36225 2.46631
3.3625 2.42061
3.36275 2.3684
3.363 2.30838
3.36325 2.23979
3.3635 2.16267
3.36375 2.07723
3.364 1.98224
3.36425 1.87739
3.3645 1.76127
3.36475 1.63495
3.365 1.49996
3.36525 1.35995
3.3655 1.19621
3.36575 1.02049
3.366 0.865441
3.36625 0.709193
3.3665 0.552803
3.36675 0.420985
3.367 0.310697
3.36725 0.195493
3.3675 0.149515
3.36775 0.097383
3.368 0.07918
3.36825 0.079675
3.4005 0.044193
3.40075 0.062204
3.401 0.103179
3.40125 0.183057
3.4015 0.261378
3.40175 0.393336
3.402 0.543534
3.40225 0.700005
3.4025 0.876209
3.40275 1.05316
3.403 1.23296
3.40325 1.41248
3.4035 1.59028
3.40375 1.75465
3.404 1.91587
3.40425 2.07562
3.4045 2.22701
3.40475 2.36246
3.405 2.47969
3.40525 2.57811
3.4055 2.65433
3.40575 2.71173
3.406 2.75749
3.40625 2.80202
3.4065 2.84106
3.40675 2.87163
3.407 2.89853
3.40725 2.92124
3.4075 2.93757
3.40775 2.95137
3.408 2.9664
3.40825 2.9729
3.4085 2.97738
3.40875 2.97879
3.409 2.9789
3.40925 2.98063
3.4095 2.98307
3.40975 2.97973
3.41 2.9804
3.41025 2.97343
3.4105 2.9571
3.41075 2.94261
3.411 2.92959
3.41125 2.91443
3.4115 2.90196
3.41175 2.89128
3.412 2.8822
3.41225 2.87513
3.4125 2.86916
3.41275 2.86635
3.413 2.86433
3.41325 2.86151
3.4135 2.85916
3.41375 2.85495
3.414 2.84971
3.41425 2.8498
3.4145 2.8444
3.41475 2.83245
3.415 2.82316
3.41525 2.8067
3.4155 2.78199
3.41575 2.76048
3.416 2.74427
3.41625 2.72696
3.4165 2.7177
3.41675 2.71086
3.417 2.70747
3.41725 2.70609
3.4175 2.70344
3.41775 2.70348
3.418 2.70373
3.41825 2.70448
3.4185 2.70643
3.41875 2.70918
3.419 2.71208
3.41925 2.7234
3.4195 2.73102
3.41975 2.73303
3.42 2.73713
3.42025 2.73272
3.4205 2.71708
3.42075 2.70247
3.421 2.69074
3.42125 2.67482
3.4215 2.66389
3.42175 2.65496
3.422 2.64825
3.42225 2.64197
3.4225 2.63772
3.42275 2.6332
3.423 2.6318
3.42325 2.62739
3.4235 2.62424
3.42375 2.62075
3.424 2.62017
3.42425 2.62576
3.4245 2.62801
3.42475 2.6214
3.425 2.61847
3.42525 2.60248
3.4255 2.57253
3.42575 2.54122
3.426 2.5105
3.42625 2.46631
3.4265 2.42061
3.42675 2.3684
3.427 2.30838
3.42725 2.23979
3.4275 2.16267
3.42775 2.07723
3.428 1.98224
3.42825 1.87739
3.4285 1.76127
3.42875 1.63495
3.429 1.49996
3.42925 1.35995
3.4295 1.19621
3.42975 1.02049
3.43 0.865441
3.43025 0.709193
3.4305 0.552803
3.43075 0.420985
3.431 0.310697
3.43125 0.195493
3.4315 0.149515
3.43175 0.097383
3.432 0.07918
3.43225 0.079675
3.4325 0.044193
3.43275 0.062204
3.433 0.103179
3.43325 0.183057
3.4335 0.261378
3.43375 0.393336
3.434 0.543534
3.43425 0.700005
3.4345 0.876209
3.43475 1.05316
3.435 1.23296
3.43525 1.41248
3.4355 1.59028
3.43575 1.75465
3.436 1.91587
3.43625 2.07562
3.4365 2.22701
3.43675 2.36246
3.437 2.47969
3.43725 2.57811
3.4375 2.65433
3.43775 2.71173
3.438 2.75749
3.43825 2.80202
3.4385 2.84106
3.43875 2.87163
3.439 2.89853
3.43925 2.92124
3.4395 2.93757
3.43975 2.95137
3.44 2.9664
3.44025 2.9729
3.4405 2.97738
3.44075 2.97879
3.441 2.9789
3.44125 2.98063
3.4415 2.98307
3.44175 2.97973
3.442 2.9804
3.44225 2.97343
3.4425 2.9571
3.44275 2.94261
3.443 2.92959
3.44325 2.91443
3.4435 2.90196
3.44375 2.89128
3.444 2.8822
3.44425 2.87513
3.4445 2.86916
3.44475 2.86635
3.445 2.86433
3.44525 2.86151
3.4455 2.85916
3.44575 2.85495
3.446 2.84971
3.44625 2.8498
3.4465 2.8444
3.44675 2.83245
3.447 2.82316
3.44725 2.8067
3.4475 2.78199
3.44775 2.76048
3.448 2.74427
3.44825 2.72696
3.4485 2.7177
3.44875 2.71086
3.449 2.70747
3.44925 2.70609
3.4495 2.70344
3.44975 2.70348
3.45 2.70373
3.45025 2.70448
3.4505 2.70643
3.45075 2.70918
3.451 2.71208
3.45125 2.7234
3.4515 2.73102
3.45175 2.73303
3.452 2.73713
3.45225 2.73272
3.4525 2.71708
3.45275 2.70247
3.453 2.69074
3.45325 2.67482
3.4535 2.66389
3.45375 2.65496
3.454 2.64825
3.45425 2.64197
3.4545 2.63772
3.45475 2.6332
3.455 2.6318
3.45525 2.62739
3.4555 2.62424
3.45575 2.62075
3.456 2.62017
3.45625 2.62576
3.4565 2.62801
3.45675 2.6214
3.457 2.61847
3.45725 2.60248
3.4575 2.57253
3.45775 2.54122
3.458 2.5105
3.45825 2.46631
3.4585 2.42061
3.45875 2.3684
3.459 2.30838
3.45925 2.23979
3.4595 2.16267
3.45975 2.07723
3.46 1.98224
3.46025 1.87739
3.4605 1.76127
3.46075 1.63495
3.461 1.49996
3.46125 1.35995
3.4615 1.19621
3.46175 1.02049
3.462 0.865441
3.46225 0.709193
3.4625 0.552803
3.46275 0.420985
3.463 0.310697
3.46325 0.195493
3.4635 0.149515
3.46375 0.097383
3.464 0.07918
3.46425 0.079675
5.2245 0.044193
5.22475 0.062204
5.225 0.103179
5.22525 0.183057
5.2255 0.261378
5.22575 0.393336
5.226 0.543534
5.22625 0.700005
5.2265 0.876209
5.22675 1.05316
5.227 1.23296
5.22725 1.41248
5.2275 1.59028
5.22775 1.75465
5.228 1.91587
5.22825 2.07562
5.2285 2.22701
5.22875 2.36246
5.229 2.47969
5.22925 2.57811
5.2295 2.65433
5.22975 2.71173
5.23 2.75749
5.23025 2.80202
5.2305 2.84106
5.23075 2.87163
5.231 2.89853
5.23125 2.92124
5.2315 2.93757
5.23175 2.95137
5.232 2.9664
5.23225 2.9729
5.2325 2.97738
5.23275 2.97879
5.233 2.9789
5.23325 2.98063
5.2335 2.98307
5.23375 2.97973
5.234 2.9804
5.23425 2.97343
5.2345 2.9571
5.23475 2.94261
5.235 2.92959
5.23525 2.91443
5.2355 2.90196
5.23575 2.89128
5.236 2.8822
5.23625 2.87513
5.2365 2.86916
5.23675 2.86635
5.237 2.86433
5.23725 2.86151
5.2375 2.85916
5.23775 2.85495
5.238 2.84971
5.23825 2.8498
5.2385 2.8444
5.23875 2.83245
5.239 2.82316
5.23925 2.8067
5.2395 2.78199
5.23975 2.76048
5.24 2.74427
5.24025 2.72696
5.2405 2.7177
5.24075 2.71086
5.241 2.70747
5.24125 2.70609
5.2415 2.70344
5.24175 2.70348
5.242 2.70373
5.24225 2.70448
5.2425 2.70643
5.24275 2.70918
5.243 2.71208
5.24325 2.7234
5.2435 2.73102
5.24375 2.73303
5.244 2.73713
5.24425 2.73272
5.2445 2.71708
5.24475 2.70247
5.245 2.69074
5.24525 2.67482
5.2455 2.66389
5.24575 2.65496
5.246 2.64825
5.24625 2.64197
5.2465 2.63772
5.24675 2.6332
5.247 2.6318
5.24725 2.62739
5.2475 2.62424
5.24775 2.62075
5.248 2.62017
5.24825 2.62576
5.2485 2.62801
5.24875 2.6214
5.249 2.61847
5.24925 2.60248
5.2495 2.57253
5.24975 2.54122
5.25 2.5105
5.25025 2.46631
5.2505 2.42061
5.25075 2.3684
5.251 2.30838
5.25125 2.23979
5.2515 2.16267
5.25175 2.07723
5.252 1.98224
5.25225 1.87739
5.2525 1.76127
5.25275 1.63495
5.253 1.49996
5.25325 1.35995
5.2535 1.19621
5.25375 1.02049
5.254 0.865441
5.25425 0.709193
5.2545 0.552803
5.25475 0.420985
5.255 0.310697
5.25525 0.195493
5.2555 0.149515
5.25575 0.097383
5.256 0.07918
5.25625 0.079675
5.2565 0.044193
5.25675 0.062204
5.257 0.103179
5.25725 0.183057
5.2575 0.261378
5.25775 0.393336
5.258 0.543534
5.25825 0.700005
5.2585 0.876209
5.25875 1.05316
5.259 1.23296
5.25925 1.41248
5.2595 1.59028
5.25975 1.75465
5.26 1.91587
5.26025 2.07562
5.2605 2.22701
5.26075 2.36246
5.261 2.47969
5.26125 2.57811
5.2615 2.65433
5.26175 2.71173
5.262 2.75749
5.26225 2.80202
5.2625 2.84106
5.26275 2.87163
5.263 2.89853
5.26325 2.92124
5.2635 2.93757
5.26375 2.95137
5.264 2.9664
5.26425 2.9729
5.2645 2.97738
5.26475 2.97879
5.265 2.9789
5.26525 2.98063
5.2655 2.98307
5.26575 2.97973
5.266 2.9804
5.26625 2.97343
5.2665 2.9571
5.26675 2.94261
5.267 2.92959
5.26725 2.91443
5.2675 2.90196
5.26775 2.89128
5.268 2.8822
5.26825 2.87513
5.2685 2.86916
5.26875 2.86635
5.269 2.86433
5.26925 2.86151
5.2695 2.85916
5.26975 2.85495
5.27 2.84971
5.27025 2.8498
5.2705 2.8444
5.27075 2.83245
5.271 2.82316
5.27125 2.8067
5.2715 2.78199
5.27175 2.76048
5.272 2.74427
5.27225 2.72696
5.2725 2.7177
5.27275 2.71086
5.273 2.70747
5.27325 2.70609
5.2735 2.70344
5.27375 2.70348
5.274 2.70373
5.27425 2.70448
5.2745 2.70643
5.27475 2.70918
5.275 2.71208
5.27525 2.7234
5.2755 2.73102
5.27575 2.73303
5.276 2.73713
5.27625 2.73272
5.2765 2.71708
5.27675 2.70247
5.277 2.69074
5.27725 2.67482
5.2775 2.66389
5.27775 2.65496
5.278 2.64825
5.27825 2.64197
5.2785 2.63772
5.27875 2.6332
5.279 2.6318
5.27925 2.62739
5.2795 2.62424
5.27975 2.62075
5.28 2.62017
5.28025 2.62576
5.2805 2.62801
5.28075 2.6214
5.281 2.61847
5.28125 2.60248
5.2815 2.57253
5.28175 2.54122
5.282 2.5105
5.28225 2.46631
5.2825 2.42061
5.28275 2.3684
5.283 2.30838
5.28325 2.23979
5.2835 2.16267
5.28375 2.07723
5.284 1.98224
5.28425 1.87739
5.2845 1.76127
5.28475 1.63495
5.285 1.49996
5.28525 1.35995
5.2855 1.19621
5.28575 1.02049
5.286 0.865441
5.28625 0.709193
5.2865 0.552803
5.28675 0.420985
5.287 0.310697
5.28725 0.195493
5.2875 0.149515
5.28775 0.097383
5.288 0.07918
5.28825 0.079675
5.2885 0.044193
5.28875 0.062204
5.289 0.103179
5.28925 0.183057
5.2895 0.261378
5.28975 0.393336
5.29 0.543534
5.29025 0.700005
5.2905 0.876209
5.29075 1.05316
5.291 1.23296
5.29125 1.41248
5.2915 1.59028
5.29175 1.75465
5.292 1.91587
5.29225 2.07562
5.2925 2.22701
5.29275 2.36246
5.293 2.47969
5.29325 2.57811
5.2935 2.65433
5.29375 2.71173
5.294 2.75749
5.29425 2.80202
5.2945 2.84106
5.29475 2.87163
5.295 2.89853
5.29525 2.92124
5.2955 2.93757
5.29575 2.95137
5.296 2.9664
5.29625 2.9729
5.2965 2.97738
5.29675 2.97879
5.297 2.9789
5.29725 2.98063
5.2975 2.98307
5.29775 2.97973
5.298 2.9804
5.29825 2.97343
5.2985 2.9571
5.29875 2.94261
5.299 2.92959
5.29925 2.91443
5.2995 2.90196
5.29975 2.89128
5.3 2.8822
5.30025 2.87513
5.3005 2.86916
5.30075 2.86635
5.301 2.86433
5.30125 2.86151
5.3015 2.85916
5.30175 2.85495
5.302 2.84971
5.30225 2.8498
5.3025 2.8444
5.30275 2.83245
5.303 2.82316
5.30325 2.8067
5.3035 2.78199
5.30375 2.76048
5.304 2.74427
5.30425 2.72696
5.3045 2.7177
5.30475 2.71086
5.305 2.70747
5.30525 2.70609
5.3055 2.70344
5.30575 2.70348
5.306 2.70373
5.30625 2.70448
5.3065 2.70643
5.30675 2.70918
5.307 2.71208
5.30725 2.7234
5.3075 2.73102
5.30775 2.73303
5.308 2.73713
5.30825 2.73272
5.3085 2.71708
5.30875 2.70247
5.309 2.69074
5.30925 2.67482
5.3095 2.66389
5.30975 2.65496
5.31 2.64825
5.31025 2.64197
5.3105 2.63772
5.31075 2.6332
5.311 2.6318
5.31125 2.62739
5.3115 2.62424
5.31175 2.62075
5.312 2.62017
5.31225 2.62576
5.3125 2.62801
5.31275 2.6214
5.313 2.61847
5.31325 2.60248
5.3135 2.57253
5.31375 2.54122
5.314 2.5105
5.31425 2.46631
5.3145 2.42061
5.31475 2.3684
5.315 2.30838
5.31525 2.23979
5.3155 2.16267
5.31575 2.07723
5.316 1.98224
5.31625 1.87739
5.3165 1.76127
5.31675 1.63495
5.317 1.49996
5.31725 1.35995
5.3175 1.19621
5.31775 1.02049
5.318 0.865441
5.31825 0.709193
5.3185 0.552803
5.31875 0.420985
5.319 0.310697
5.31925 0.195493
5.3195 0.149515
5.31975 0.097383
5.32 0.07918
5.32025 0.079675
5.4165 0.044193
5.41675 0.062204
5.417 0.103179
5.41725 0.183057
5.4175 0.261378
5.41775 0.393336
5.418 0.543534
5.41825 0.700005
5.4185 0.876209
5.41875 1.05316
5.419 1.23296
5.41925 1.41248
5.4195 1.59028
5.41975 1.75465
5.42 1.91587
5.42025 2.07562
5.4205 2.22701
5.42075 2.36246
5.421 2.47969
5.42125 2.57811
5.4215 2.65433
5.42175 2.71173
5.422 2.75749
5.42225 2.80202
5.4225 2.84106
5.42275 2.87163
5.423 2.89853
5.42325 2.92124
5.4235 2.93757
5.42375 2.95137
5.424 2.9664
5.42425 2.9729
5.4245 2.97738
5.42475 2.97879
5.425 2.9789
5.42525 2.98063
5.4255 2.98307
5.42575 2.97973
5.426 2.9804
5.42625 2.97343
5.4265 2.9571
5.42675 2.94261
5.427 2.92959
5.42725 2.91443
5.4275 2.90196
5.42775 2.89128
5.428 2.8822
5.42825 2.87513
5.4285 2.86916
5.42875 2.86635
5.429 2.86433
5.42925 2.86151
5.4295 2.85916
5.42975 2.85495
5.43 2.84971
5.43025 2.8498
5.4305 2.8444
5.43075 2.83245
5.431 2.82316
5.43125 2.8067
5.4315 2.78199
5.43175 2.76048
5.432 2.74427
5.43225 2.72696
5.4325 2.7177
5.43275 2.71086
5.433 2.70747
5.43325 2.70609
5.4335 2.70344
5.43375 2.70348
5.434 2.70373
5.43425 2.70448
5.4345 2.70643
5.43475 2.70918
5.435 2.71208
5.43525 2.7234
5.4355 2.73102
5.43575 2.73303
5.436 2.73713
5.43625 2.73272
5.4365 2.71708
5.43675 2.70247
5.437 2.69074
5.43725 2.67482
5.4375 2.66389
5.43775 2.65496
5.438 2.64825
5.43825 2.64197
5.4385 2.63772
5.43875 2.6332
5.439 2.6318
5.43925 2.62739
5.4395 2.62424
5.43975 2.62075
5.44 2.62017
5.44025 2.62576
5.4405 2.62801
5.44075 2.6214
5.441 2.61847
5.44125 2.60248
5.4415 2.57253
5.44175 2.54122
5.442 2.5105
5.44225 2.46631
5.4425 2.42061
5.44275 2.3684
5.443 2.30838
5.44325 2.23979
5.4435 2.16267
5.44375 2.07723
5.444 1.98224
5.44425 1.87739
5.4445 1.76127
5.44475 1.63495
5.445 1.49996
5.44525 1.35995
5.4455 1.19621
5.44575 1.02049
5.446 0.865441
5.44625 0.709193
5.4465 0.552803
5.44675 0.420985
5.447 0.310697
5.44725 0.195493
5.4475 0.149515
5.44775 0.097383
5.448 0.07918
5.44825 0.079675
5.5125 0.044193
5.51275 0.062204
5.513 0.103179
5.51325 0.183057
5.5135 0.261378
5.51375 0.393336
5.514 0.543534
5.51425 0.700005
5.5145 0.876209
5.51475 1.05316
5.515 1.23296
5.51525 1.41248
5.5155 1.59028
5.51575 1.75465
5.516 1.91587
5.51625 2.07562
5.5165 2.22701
5.51675 2.36246
5.517 2.47969
5.51725 2.57811
5.5175 2.65433
5.51775 2.71173
5.518 2.75749
5.51825 2.80202
5.5185 2.84106
5.51875 2.87163
5.519 2.89853
5.51925 2.92124
5.5195 2.93757
5.51975 2.95137
5.52 2.9664
5.52025 2.9729
5.5205 2.97738
5.52075 2.97879
5.521 2.9789
5.52125 2.98063
5.5215 2.98307
5.52175 2.97973
5.522 2.9804
5.52225 2.97343
5.5225 2.9571
5.52275 2.94261
5.523 2.92959
5.52325 2.91443
5.5235 2.90196
5.52375 2.89128
5.524 2.8822
5.52425 2.87513
5.5245 2.86916
5.52475 2.86635
5.525 2.86433
5.52525 2.86151
5.5255 2.85916
5.52575 2.85495
5.526 2.84971
5.52625 2.8498
5.5265 2.8444
5.52675 2.83245
5.527 2.82316
5.52725 2.8067
5.5275 2.78199
5.52775 2.76048
5.528 2.74427
5.52825 2.72696
5.5285 2.7177
5.52875 2.71086
5.529 2.70747
5.52925 2.70609
5.5295 2.70344
5.52975 2.70348
5.53 2.70373
5.53025 2.70448
5.5305 2.70643
5.53075 2.70918
5.531 2.71208
5.53125 2.7234
5.5315 2.73102
5.53175 2.73303
5.532 2.73713
5.53225 2.73272
5.5325 2.71708
5.53275 2.70247
5.533 2.69074
5.53325 2.67482
5.5335 2.66389
5.53375 2.65496
5.534 2.64825
5.53425 2.64197
5.5345 2.63772
5.53475 2.6332
5.535 2.6318
5.53525 2.62739
5.5355 2.62424
5.53575 2.62075
5.536 2.62017
5.53625 2.62576
5.5365 2.62801
5.53675 2.6214
5.537 2.61847
5.53725 2.60248
5.5375 2.57253
5.53775 2.54122
5.538 2.5105
5.53825 2.46631
5.5385 2.42061
5.53875 2.3684
5.539 2.30838
5.53925 2.23979
5.5395 2.16267
5.53975 2.07723
5.54 1.98224
5.54025 1.87739
5.5405 1.76127
5.54075 1.63495
5.541 1.49996
5.54125 1.35995
5.5415 1.19621
5.54175 1.02049
5.542 0.865441
5.54225 0.709193
5.5425 0.552803
5.54275 0.420985
5.543 0.310697
5.54325 0.195493
5.5435 0.149515
5.54375 0.097383
5.544 0.07918
5.54425 0.079675
5.5765 0.044193
5.57675 0.062204
5.577 0.103179
5.57725 0.183057
5.5775 0.261378
5.57775 0.393336
5.578 0.543534
5.57825 0.700005
5.5785 0.876209
5.57875 1.05316
5.579 1.23296
5.57925 1.41248
5.5795 1.59028
5.57975 1.75465
5.58 1.91587
5.58025 2.07562
5.5805 2.22701
5.58075 2.36246
5.581 2.47969
5.58125 2.57811
5.5815 2.65433
5.58175 2.71173
5.582 2.75749
5.58225 2.80202
5.5825 2.84106
5.58275 2.87163
5.583 2.89853
5.58325 2.92124
5.5835 2.93757
5.58375 2.95137
5.584 2.9664
5.58425 2.9729
5.5845 2.97738
5.58475 2.97879
5.585 2.9789
5.58525 2.98063
5.5855 2.98307
5.58575 2.97973
5.586 2.9804
5.58625 2.97343
5.5865 2.9571
5.58675 2.94261
5.587 2.92959
5.58725 2.91443
5.5875 2.90196
5.58775 2.89128
5.588 2.8822
5.58825 2.87513
5.5885 2.86916
5.58875 2.86635
5.589 2.86433
5.58925 2.86151
5.5895 2.85916
5.58975 2.85495
5.59 2.84971
5.59025 2.8498
5.5905 2.8444
5.59075 2.83245
5.591 2.82316
5.59125 2.8067
5.5915 2.78199
5.59175 2.76048
5.592 2.74427
5.59225 2.72696
5.5925 2.7177
5.59275 2.71086
5.593 2.70747
5.59325 2.70609
5.5935 2.70344
5.59375 2.70348
5.594 2.70373
5.59425 2.70448
5.5945 2.70643
5.59475 2.70918
5.595 2.71208
5.59525 2.7234
5.5955 2.73102
5.59575 2.73303
5.596 2.73713
5.59625 2.73272
5.5965 2.71708
5.59675 2.70247
5.597 2.69074
5.59725 2.67482
5.5975 2.66389
5.59775 2.65496
5.598 2.64825
5.59825 2.64197
5.5985 2.63772
5.59875 2.6332
5.599 2.6318
5.59925 2.62739
5.5995 2.62424
5.59975 2.62075
5.6 2.62017
5.60025 2.62576
5.6005 2.62801
5.60075 2.6214
5.601 2.61847
5.60125 2.60248
5.6015 2.57253
5.60175 2.54122
5.602 2.5105
5.60225 2.46631
5.6025 2.42061
5.60275 2.3684
5.603 2.30838
5.60325 2.23979
5.6035 2.16267
5.60375 2.07723
5.604 1.98224
5.60425 1.87739
5.6045 1.76127
5.60475 1.63495
5.605 1.49996
5.60525 1.35995
5.6055 1.19621
5.60575 1.02049
5.606 0.865441
5.60625 0.709193
5.6065 0.552803
5.60675 0.420985
5.607 0.310697
5.60725 0.195493
5.6075 0.149515
5.60775 0.097383
5.608 0.07918
5.60825 0.079675
5.6405 0.044193
5.64075 0.062204
5.641 0.103179
5.64125 0.183057
5.6415 0.261378
5.64175 0.393336
5.642 0.543534
5.64225 0.700005
5.6425 0.876209
5.64275 1.05316
5.643 1.23296
5.64325 1.41248
5.6435 1.59028
5.64375 1.75465
5.644 1.91587
5.64425 2.07562
5.6445 2.22701
5.64475 2.36246
5.645 2.47969
5.64525 2.57811
5.6455 2.65433
5.64575 2.71173
5.646 2.75749
5.64625 2.80202
5.6465 2.84106
5.64675 2.87163
5.647 2.89853
5.64725 2.92124
5.6475 2.93757
5.64775 2.95137
5.648 2.9664
5.64825 2.9729
5.6485 2.97738
5.64875 2.97879
5.649 2.9789
5.64925 2.98063
5.6495 2.98307
5.64975 2.97973
5.65 2.9804
5.65025 2.97343
5.6505 2.9571
5.65075 2.94261
5.651 2.92959
5.65125 2.91443
5.6515 2.90196
5.65175 2.89128
5.652 2.8822
5.65225 2.87513
5.6525 2.86916
5.65275 2.86635
5.653 2.86433
5.65325 2.86151
5.6535 2.85916
5.65375 2.85495
5.654 2.84971
5.65425 2.8498
5.6545 2.8444
5.65475 2.83245
5.655 2.82316
5.65525 2.8067
5.6555 2.78199
5.65575 2.76048
5.656 2.74427
5.65625 2.72696
5.6565 2.7177
5.65675 2.71086
5.657 2.70747
5.65725 2.70609
5.6575 2.70344
5.65775 2.70348
5.658 2.70373
5.65825 2.70448
5.6585 2.70643
5.65875 2.70918
5.659 2.71208
5.65925 2.7234
5.6595 2.73102
5.65975 2.73303
5.66 2.73713
5.66025 2.73272
5.6605 2.71708
5.66075 2.70247
5.661 2.69074
5.66125 2.67482
5.6615 2.66389
5.66175 2.65496
5.662 2.64825
5.66225 2.64197
5.6625 2.63772
5.66275 2.6332
5.663 2.6318
5.66325 2.62739
5.6635 2.62424
5.66375 2.62075
5.664 2.62017
5.66425 2.62576
5.6645 2.62801
5.66475 2.6214
5.665 2.61847
5.66525 2.60248
5.6655 2.57253
5.66575 2.54122
5.666 2.5105
5.66625 2.46631
5.6665 2.42061
5.66675 2.3684
5.667 2.30838
5.66725 2.23979
5.6675 2.16267
5.66775 2.07723
5.668 1.98224
5.66825 1.87739
5.6685 1.76127
5.66875 1.63495
5.669 1.49996
5.66925 1.35995
5.6695 1.19621
5.66975 1.02049
5.67 0.865441
5.67025 0.709193
5.6705 0.552803
5.67075 0.420985
5.671 0.310697
5.67125 0.195493
5.6715 0.149515
5.67175 0.097383
5.672 0.07918
5.67225 0.079675
5.6725 0.044193
5.67275 0.062204
5.673 0.103179
5.67325 0.183057
5.6735 0.261378
5.67375 0.393336
5.674 0.543534
5.67425 0.700005
5.6745 0.876209
5.67475 1.05316
5.675 1.23296
5.67525 1.41248
5.6755 1.59028
5.67575 1.75465
5.676 1.91587
5.67625 2.07562
5.6765 2.22701
5.67675 2.36246
5.677 2.47969
5.67725 2.57811
5.6775 2.65433
5.67775 2.71173
5.678 2.75749
5.67825 2.80202
5.6785 2.84106
5.67875 2.87163
5.679 2.89853
5.67925 2.92124
5.6795 2.93757
5.67975 2.95137
5.68 2.9664
5.68025 2.9729
5.6805 2.97738
5.68075 2.97879
5.681 2.9789
5.68125 2.98063
5.6815 2.98307
5.68175 2.97973
5.682 2.9804
5.68225 2.97343
5.6825 2.9571
5.68275 2.94261
5.683 2.92959
5.68325 2.91443
5.6835 2.90196
5.68375 2.89128
5.684 2.8822
5.68425 2.87513
5.6845 2.86916
5.68475 2.86635
5.685 2.86433
5.68525 2.86151
5.6855 2.85916
5.68575 2.85495
5.686 2.84971
5.68625 2.8498
5.6865 2.8444
5.68675 2.83245
5.687 2.82316
5.68725 2.8067
5.6875 2.78199
5.68775 2.76048
5.688 2.74427
5.68825 2.72696
5.6885 2.7177
5.68875 2.71086
5.689 2.70747
5.68925 2.70609
5.6895 2.70344
5.68975 2.70348
5.69 2.70373
5.69025 2.70448
5.6905 2.70643
5.69075 2.70918
5.691 2.71208
5.69125 2.7234
5.6915 2.73102
5.69175 2.73303
5.692 2.73713
5.69225 2.73272
5.6925 2.71708
5.69275 2.70247
5.693 2.69074
5.69325 2.67482
5.6935 2.66389
5.69375 2.65496
5.694 2.64825
5.69425 2.64197
5.6945 2.63772
5.69475 2.6332
5.695 2.6318
5.69525 2.62739
5.6955 2.62424
5.69575 2.62075
5.696 2.62017
5.69625 2.62576
5.6965 2.62801
5.69675 2.6214
5.697 2.61847
5.69725 2.60248
5.6975 2.57253
5.69775 2.54122
5.698 2.5105
5.69825 2.46631
5.6985 2.42061
5.69875 2.3684
5.699 2.30838
5.69925 2.23979
5.6995 2.16267
5.69975 2.07723
5.7 1.98224
5.70025 1.87739
5.7005 1.76127
5.70075 1.63495
5.701 1.49996
5.70125 1.35995
5.7015 1.19621
5.70175 1.02049
5.702 0.865441
5.70225 0.709193
5.7025 0.552803
5.70275 0.420985
5.703 0.310697
5.70325 0.195493
5.7035 0.149515
5.70375 0.097383
5.704 0.07918
5.70425 0.079675
6.3445 0.044193
6.34475 0.062204
6.345 0.103179
6.34525 0.183057
6.3455 0.261378
6.34575 0.393336
6.346 0.543534
6.34625 0.700005
6.3465 0.876209
6.34675 1.05316
6.347 1.23296
6.34725 1.41248
6.3475 1.59028
6.34775 1.75465
6.348 1.91587
6.34825 2.07562
6.3485 2.22701
6.34875 2.36246
6.349 2.47969
6.34925 2.57811
6.3495 2.65433
6.34975 2.71173
6.35 2.75749
6.35025 2.80202
6.3505 2.84106
6.35075 2.87163
6.351 2.89853
6.35125 2.92124
6.3515 2.93757
6.35175 2.95137
6.352 2.9664
6.35225 2.9729
6.3525 2.97738
6.35275 2.97879
6.353 2.9789
6.35325 2.98063
6.3535 2.98307
6.35375 2.97973
6.354 2.9804
6.35425 2.97343
6.3545 2.9571
6.35475 2.94261
6.355 2.92959
6.35525 2.91443
6.3555 2.90196
6.35575 2.89128
6.356 2.8822
6.35625 2.87513
6.3565 2.86916
6.35675 2.86635
6.357 2.86433
6.35725 2.86151
6.3575 2.85916
6.35775 2.85495
6.358 2.84971
6.35825 2.8498
6.3585 2.8444
6.35875 2.83245
6.359 2.82316
6.35925 2.8067
6.3595 2.78199
6.35975 2.76048
6.36 2.74427
6.36025 2.72696
6.3605 2.7177
6.36075 2.71086
6.361 2.70747
6.36125 2.70609
6.3615 2.70344
6.36175 2.70348
6.362 2.70373
6.36225 2.70448
6.3625 2.70643
6.36275 2.70918
6.363 2.71208
6.36325 2.7234
6.3635 2.73102
6.36375 2.73303
6.364 2.73713
6.36425 2.73272
6.3645 2.71708
6.36475 2.70247
6.365 2.69074
6.36525 2.67482
6.3655 2.66389
6.36575 2.65496
6.366 2.64825
6.36625 2.64197
6.3665 2.63772
6.36675 2.6332
6.367 2.6318
6.36725 2.62739
6.3675 2.62424
6.36775 2.62075
6.368 2.62017
6.36825 2.62576
6.3685 2.62801
6.36875 2.6214
6.369 2.61847
6.36925 2.60248
6.3695 2.57253
6.36975 2.54122
6.37 2.5105
6.37025 2.46631
6.3705 2.42061
6.37075 2.3684
6.371 2.30838
6.37125 2.23979
6.3715 2.16267
6.37175 2.07723
6.372 1.98224
6.37225 1.87739
6.3725 1.76127
6.37275 1.63495
6.373 1.49996
6.37325 1.35995
6.3735 1.19621
6.37375 1.02049
6.374 0.865441
6.37425 0.709193
6.3745 0.552803
6.37475 0.420985
6.375 0.310697
6.37525 0.195493
6.3755 0.149515
6.37575 0.097383
6.376 0.07918
6.37625 0.079675
6.3765 0.044193
6.37675 0.062204
6.377 0.103179
6.37725 0.183057
6.3775 0.261378
6.37775 0.393336
6.378 0.543534
6.37825 0.700005
6.3785 0.876209
6.37875 1.05316
6.379 1.23296
6.37925 1.41248
6.3795 1.59028
6.37975 1.75465
6.38 1.91587
6.38025 2.07562
6.3805 2.22701
6.38075 2.36246
6.381 2.47969
6.38125 2.57811
6.3815 2.65433
6.38175 2.71173
6.382 2.75749
6.38225 2.80202
6.3825 2.84106
6.38275 2.87163
6.383 2.89853
6.38325 2.92124
6.3835 2.93757
6.38375 2.95137
6.384 2.9664
6.38425 2.9729
6.3845 2.97738
6.38475 2.97879
6.385 2.9789
6.38525 2.98063
6.3855 2.98307
6.38575 2.97973
6.386 2.9804
6.38625 2.97343
6.3865 2.9571
6.38675 2.94261
6.387 2.92959
6.38725 2.91443
6.3875 2.90196
6.38775 2.89128
6.388 2.8822
6.38825 2.87513
6.3885 2.86916
6.38875 2.86635
6.389 2.86433
6.38925 2.86151
6.3895 2.85916
6.38975 2.85495
6.39 2.84971
6.39025 2.8498
6.3905 2.8444
6.39075 2.83245
6.391 2.82316
6.39125 2.8067
6.3915 2.78199
6.39175 2.76048
6.392 2.74427
6.39225 2.72696
6.3925 2.7177
6.39275 2.71086
6.393 2.70747
6.39325 2.70609
6.3935 2.70344
6.39375 2.70348
6.394 2.70373
6.39425 2.70448
6.3945 2.70643
6.39475 2.70918
6.395 2.71208
6.39525 2.7234
6.3955 2.73102
6.39575 2.73303
6.396 2.73713
6.39625 2.73272
6.3965 2.71708
6.39675 2.70247
6.397 2.69074
6.39725 2.67482
6.3975 2.66389
6.39775 2.65496
6.398 2.64825
6.39825 2.64197
6.3985 2.63772
6.39875 2.6332
6.399 2.6318
6.39925 2.62739
6.3995 2.62424
6.39975 2.62075
6.4 2.62017
6.40025 2.62576
6.4005 2.62801
6.40075 2.6214
6.401 2.61847
6.40125 2.60248
6.4015 2.57253
6.40175 2.54122
6.402 2.5105
6.40225 2.46631
6.4025 2.42061
6.40275 2.3684
6.403 2.30838
6.40325 2.23979
6.4035 2.16267
6.40375 2.07723
6.404 1.98224
6.40425 1.87739
6.4045 1.76127
6.40475 1.63495
6.405 1.49996
6.40525 1.35995
6.4055 1.19621
6.40575 1.02049
6.406 0.865441
6.40625 0.709193
6.4065 0.552803
6.40675 0.420985
6.407 0.310697
6.40725 0.195493
6.4075 0.149515
6.40775 0.097383
6.408 0.07918
6.40825 0.079675
6.4085 0.044193
6.40875 0.062204
6.409 0.103179
6.40925 0.183057
6.4095 0.261378
6.40975 0.393336
6.41 0.543534
6.41025 0.700005
6.4105 0.876209
6.41075 1.05316
6.411 1.23296
6.41125 1.41248
6.4115 1.59028
6.41175 1.75465
6.412 1.91587
6.41225 2.07562
6.4125 2.22701
6.41275 2.36246
6.413 2.47969
6.41325 2.57811
6.4135 2.65433
6.41375 2.71173
6.414 2.75749
6.41425 2.80202
6.4145 2.84106
6.41475 2.87163
6.415 2.89853
6.41525 2.92124
6.4155 2.93757
6.41575 2.95137
6.416 2.9664
6.41625 2.9729
6.4165 2.97738
6.41675 2.97879
6.417 2.9789
6.41725 2.98063
6.4175 2.98307
6.41775 2.97973
6.418 2.9804
6.41825 2.97343
6.4185 2.9571
6.41875 2.94261
6.419 2.92959
6.41925 2.91443
6.4195 2.90196
6.41975 2.89128
6.42 2.8822
6.42025 2.87513
6.4205 2.86916
6.42075 2.86635
6.421 2.86433
6.42125 2.86151
6.4215 2.85916
6.42175 2.85495
6.422 2.84971
6.42225 2.8498
6.4225 2.8444
6.42275 2.83245
6.423 2.82316
6.42325 2.8067
6.4235 2.78199
6.42375 2.76048
6.424 2.74427
6.42425 2.72696
6.4245 2.7177
6.42475 2.71086
6.425 2.70747
6.42525 2.70609
6.4255 2.70344
6.42575 2.70348
6.426 2.70373
6.42625 2.70448
6.4265 2.70643
6.42675 2.70918
6.427 2.71208
6.42725 2.7234
6.4275 2.73102
6.42775 2.73303
6.428 2.73713
6.42825 2.73272
6.4285 2.71708
6.42875 2.70247
6.429 2.69074
6.42925 2.67482
6.4295 2.66389
6.42975 2.65496
6.43 2.64825
6.43025 2.64197
6.4305 2.63772
6.43075 2.6332
6.431 2.6318
6.43125 2.62739
6.4315 2.62424
6.43175 2.62075
6.432 2.62017
6.43225 2.62576
6.4325 2.62801
6.43275 2.6214
6.433 2.61847
6.43325 2.60248
6.4335 2.57253
6.43375 2.54122
6.434 2.5105
6.43425 2.46631
6.4345 2.42061
6.43475 2.3684
6.435 2.30838
6.43525 2.23979
6.4355 2.16267
6.43575 2.07723
6.436 1.98224
6.43625 1.87739
6.4365 1.76127
6.43675 1.63495
6.437 1.49996
6.43725 1.35995
6.4375 1.19621
6.43775 1.02049
6.438 0.865441
6.43825 0.709193
6.4385 0.552803
6.43875 0.420985
6.439 0.310697
6.43925 0.195493
6.4395 0.149515
6.43975 0.097383
6.44 0.07918
6.44025 0.079675
6.5365 0.044193
6.53675 0.062204
6.537 0.103179
6.53725 0.183057
6.5375 0.261378
6.53775 0.393336
6.538 0.543534
6.53825 0.700005
6.5385 0.876209
6.53875 1.05316
6.539 1.23296
6.53925 1.41248
6.5395 1.59028
6.53975 1.75465
6.54 1.91587
6.54025 2.07562
6.5405 2.22701
6.54075 2.36246
6.541 2.47969
6.54125 2.57811
6.5415 2.65433
6.54175 2.71173
6.542 2.75749
6.54225 2.80202
6.5425 2.84106
6.54275 2.87163
6.543 2.89853
6.54325 2.92124
6.5435 2.93757
6.54375 2.95137
6.544 2.9664
6.54425 2.9729
6.5445 2.97738
6.54475 2.97879
6.545 2.9789
6.54525 2.98063
6.5455 2.98307
6.54575 2.97973
6.546 2.9804
6.54625 2.97343
6.5465 2.9571
6.54675 2.94261
6.547 2.92959
6.54725 2.91443
6.5475 2.90196
6.54775 2.89128
6.548 2.8822
6.54825 2.87513
6.5485 2.86916
6.54875 2.86635
6.549 2.86433
6.54925 2.86151
6.5495 2.85916
6.54975 2.85495
6.55 2.84971
6.55025 2.8498
6.5505 2.8444
6.55075 2.83245
6.551 2.82316
6.55125 2.8067
6.5515 2.78199
6.55175 2.76048
6.552 2.74427
6.55225 2.72696
6.5525 2.7177
6.55275 2.71086
6.553 2.70747
6.55325 2.70609
6.5535 2.70344
6.55375 2.70348
6.554 2.70373
6.55425 2.70448
6.5545 2.70643
6.55475 2.70918
6.555 2.71208
6.55525 2.7234
6.5555 2.73102
6.55575 2.73303
6.556 2.73713
6.55625 2.73272
6.5565 2.71708
6.55675 2.70247
6.557 2.69074
6.55725 2.67482
6.5575 2.66389
6.55775 2.65496
6.558 2.64825
6.55825 2.64197
6.5585 2.63772
6.55875 2.6332
6.559 2.6318
6.55925 2.62739
6.5595 2.62424
6.55975 2.62075
6.56 2.62017
6.56025 2.62576
6.5605 2.62801
6.56075 2.6214
6.561 2.61847
6.56125 2.60248
6.5615 2.57253
6.56175 2.54122
6.562 2.5105
6.56225 2.46631
6.5625 2.42061
6.56275 2.3684
6.563 2.30838
6.56325 2.23979
6.5635 2.16267
6.56375 2.07723
6.564 1.98224
6.56425 1.87739
6.5645 1.76127
6.56475 1.63495
6.565 1.49996
6.56525 1.35995
6.5655 1.19621
6.56575 1.02049
6.566 0.865441
6.56625 0.709193
6.5665 0.552803
6.56675 0.420985
6.567 0.310697
6.56725 0.195493
6.5675 0.149515
6.56775 0.097383
6.568 0.07918
6.56825 0.079675
6.6325 0.044193
6.63275 0.062204
6.633 0.103179
6.63325 0.183057
6.6335 0.261378
6.63375 0.393336
6.634 0.543534
6.63425 0.700005
6.6345 0.876209
6.63475 1.05316
6.635 1.23296
6.63525 1.41248
6.6355 1.59028
6.63575 1.75465
6.636 1.91587
6.63625 2.07562
6.6365 2.22701
6.63675 2.36246
6.637 2.47969
6.63725 2.57811
6.6375 2.65433
6.63775 2.71173
6.638 2.75749
6.63825 2.80202
6.6385 2.84106
6.63875 2.87163
6.639 2.89853
6.63925 2.92124
6.6395 2.93757
6.63975 2.95137
6.64 2.9664
6.64025 2.9729
6.6405 2.97738
6.64075 2.97879
6.641 2.9789
6.64125 2.98063
6.6415 2.98307
6.64175 2.97973
6.642 2.9804
6.64225 2.97343
6.6425 2.9571
6.64275 2.94261
6.643 2.92959
6.64325 2.91443
6.6435 2.90196
6.64375 2.89128
6.644 2.8822
6.64425 2.87513
6.6445 2.86916
6.64475 2.86635
6.645 2.86433
6.64525 2.86151
6.6455 2.85916
6.64575 2.85495
6.646 2.84971
6.64625 2.8498
6.6465 2.8444
6.64675 2.83245
6.647 2.82316
6.64725 2.8067
6.6475 2.78199
6.64775 2.76048
6.648 2.74427
6.64825 2.72696
6.6485 2.7177
6.64875 2.71086
6.649 2.70747
6.64925 2.70609
6.6495 2.70344
6.64975 2.70348
6.65 2.70373
6.65025 2.70448
6.6505 2.70643
6.65075 2.70918
6.651 2.71208
6.65125 2.7234
6.6515 2.73102
6.65175 2.73303
6.652 2.73713
6.65225 2.73272
6.6525 2.71708
6.65275 2.70247
6.653 2.69074
6.65325 2.67482
6.6535 2.66389
6.65375 2.65496
6.654 2.64825
6.65425 2.64197
6.6545 2.63772
6.65475 2.6332
6.655 2.6318
6.65525 2.62739
6.6555 2.62424
6.65575 2.62075
6.656 2.62017
6.65625 2.62576
6.6565 2.62801
6.65675 2.6214
6.657 2.61847
6.65725 2.60248
6.6575 2.57253
6.65775 2.54122
6.658 2.5105
6.65825 2.46631
6.6585 2.42061
6.65875 2.3684
6.659 2.30838
6.65925 2.23979
6.6595 2.16267
6.65975 2.07723
6.66 1.98224
6.66025 1.87739
6.6605 1.76127
6.66075 1.63495
6.661 1.49996
6.66125 1.35995
6.6615 1.19621
6.66175 1.02049
6.662 0.865441
6.66225 0.709193
6.6625 0.552803
6.66275 0.420985
6.663 0.310697
6.66325 0.195493
6.6635 0.149515
6.66375 0.097383
6.664 0.07918
6.66425 0.079675
6.6965 0.044193
6.69675 0.062204
6.697 0.103179
6.69725 0.183057
6.6975 0.261378
6.69775 0.393336
6.698 0.543534
6.69825 0.700005
6.6985 0.876209
6.69875 1.05316
6.699 1.23296
6.69925 1.41248
6.6995 1.59028
6.69975 1.75465
6.7 1.91587
6.70025 2.07562
6.7005 2.22701
6.70075 2.36246
6.701 2.47969
6.70125 2.57811
6.7015 2.65433
6.70175 2.71173
6.702 2.75749
6.70225 2.80202
6.7025 2.84106
6.70275 2.87163
6.703 2.89853
6.70325 2.92124
6.7035 2.93757
6.70375 2.95137
6.704 2.9664
6.70425 2.9729
6.7045 2.97738
6.70475 2.97879
6.705 2.9789
6.70525 2.98063
6.7055 2.98307
6.70575 2.97973
6.706 2.9804
6.70625 2.97343
6.7065 2.9571
6.70675 2.94261
6.707 2.92959
6.70725 2.91443
6.7075 2.90196
6.70775 2.89128
6.708 2.8822
6.70825 2.87513
6.7085 2.86916
6.70875 2.86635
6.709 2.86433
6.70925 2.86151
6.7095 2.85916
6.70975 2.85495
6.71 2.84971
6.71025 2.8498
6.7105 2.8444
6.71075 2.83245
6.711 2.82316
6.71125 2.8067
6.7115 2.78199
6.71175 2.76048
6.712 2.74427
6.71225 2.72696
6.7125 2.7177
6.71275 2.71086
6.713 2.70747
6.71325 2.70609
6.7135 2.70344
6.71375 2.70348
6.714 2.70373
6.71425 2.70448
6.7145 2.70643
6.71475 2.70918
6.715 2.71208
6.71525 2.7234
6.7155 2.73102
6.71575 2.73303
6.716 2.73713
6.71625 2.73272
6.7165 2.71708
6.71675 2.70247
6.717 2.69074
6.71725 2.67482
6.7175 2.66389
6.71775 2.65496
6.718 2.64825
6.71825 2.64197
6.7185 2.63772
6.71875 2.6332
6.719 2.6318
6.71925 2.62739
6.7195 2.62424
6.71975 2.62075
6.72 2.62017
6.72025 2.62576
6.7205 2.62801
6.72075 2.6214
6.721 2.61847
6.72125 2.60248
6.7215 2.57253
6.72175 2.54122
6.722 2.5105
6.72225 2.46631
6.7225 2.42061
6.72275 2.3684
6.723 2.30838
6.72325 2.23979
6.7235 2.16267
6.72375 2.07723
6.724 1.98224
6.72425 1.87739
6.7245 1.76127
6.72475 1.63495
6.725 1.49996
6.72525 1.35995
6.7255 1.19621
6.72575 1.02049
6.726 0.865441
6.72625 0.709193
6.7265 0.552803
6.72675 0.420985
6.727 0.310697
6.72725 0.195493
6.7275 0.149515
6.72775 0.097383
6.728 0.07918
6.72825 0.079675
6.7605 0.044193
6.76075 0.062204
6.761 0.103179
6.76125 0.183057
6.7615 0.261378
6.76175 0.393336
6.762 0.543534
6.76225 0.700005
6.7625 0.876209
6.76275 1.05316
6.763 1.23296
6.76325 1.41248
6.7635 1.59028
6.76375 1.75465
6.764 1.91587
6.76425 2.07562
6.7645 2.22701
6.76475 2.36246
6.765 2.47969
6.76525 2.57811
6.7655 2.65433
6.76575 2.71173
6.766 2.75749
6.76625 2.80202
6.7665 2.84106
6.76675 2.87163
6.767 2.89853
6.76725 2.92124
6.7675 2.93757
6.76775 2.95137
6.768 2.9664
6.76825 2.9729
6.7685 2.97738
6.76875 2.97879
6.769 2.9789
6.76925 2.98063
6.7695 2.98307
6.76975 2.97973
6.77 2.9804
6.77025 2.97343
6.7705 2.9571
6.77075 2.94261
6.771 2.92959
6.77125 2.91443
6.7715 2.90196
6.77175 2.89128
6.772 2.8822
6.77225 2.87513
6.7725 2.86916
6.77275 2.86635
6.773 2.86433
6.77325 2.86151
6.7735 2.85916
6.77375 2.85495
6.774 2.84971
6.77425 2.8498
6.7745 2.8444
6.77475 2.83245
6.775 2.82316
6.77525 2.8067
6.7755 2.78199
6.77575 2.76048
6.776 2.74427
6.77625 2.72696
6.7765 2.7177
6.77675 2.71086
6.777 2.70747
6.77725 2.70609
6.7775 2.70344
6.77775 2.70348
6.778 2.70373
6.77825 2.70448
6.7785 2.70643
6.77875 2.70918
6.779 2.71208
6.77925 2.7234
6.7795 2.73102
6.77975 2.73303
6.78 2.73713
6.78025 2.73272
6.7805 2.71708
6.78075 2.70247
6.781 2.69074
6.78125 2.67482
6.7815 2.66389
6.78175 2.65496
6.782 2.64825
6.78225 2.64197
6.7825 2.63772
6.78275 2.6332
6.783 2.6318
6.78325 2.62739
6.7835 2.62424
6.78375 2.62075
6.784 2.62017
6.78425 2.62576
6.7845 2.62801
6.78475 2.6214
6.785 2.61847
6.78525 2.60248
6.7855 2.57253
6.78575 2.54122
6.786 2.5105
6.78625 2.46631
6.7865 2.42061
6.78675 2.3684
6.787 2.30838
6.78725 2.23979
6.7875 2.16267
6.78775 2.07723
6.788 1.98224
6.78825 1.87739
6.7885 1.76127
6.78875 1.63495
6.789 1.49996
6.78925 1.35995
6.7895 1.19621
6.78975 1.02049
6.79 0.865441
6.79025 0.709193
6.7905 0.552803
6.79075 0.420985
6.791 0.310697
6.79125 0.195493
6.7915 0.149515
6.79175 0.097383
6.792 0.07918
6.79225 0.079675
6.7925 0.044193
6.79275 0.062204
6.793 0.103179
6.79325 0.183057
6.7935 0.261378
6.79375 0.393336
6.794 0.543534
6.79425 0.700005
6.7945 0.876209
6.79475 1.05316
6.795 1.23296
6.79525 1.41248
6.7955 1.59028
6.79575 1.75465
6.796 1.91587
6.79625 2.07562
6.7965 2.22701
6.79675 2.36246
6.797 2.47969
6.79725 2.57811
6.7975 2.65433
6.79775 2.71173
6.798 2.75749
6.79825 2.80202
6.7985 2.84106
6.79875 2.87163
6.799 2.89853
6.79925 2.92124
6.7995 2.93757
6.79975 2.95137
6.8 2.9664
6.80025 2.9729
6.8005 2.97738
6.80075 2.97879
6.801 2.9789
6.80125 2.98063
6.8015 2.98307
6.80175 2.97973
6.802 2.9804
6.80225 2.97343
6.8025 2.9571
6.80275 2.94261
6.803 2.92959
6.80325 2.91443
6.8035 2.90196
6.80375 2.89128
6.804 2.8822
6.80425 2.87513
6.8045 2.86916
6.80475 2.86635
6.805 2.86433
6.80525 2.86151
6.8055 2.85916
6.80575 2.85495
6.806 2.84971
6.80625 2.8498
6.8065 2.8444
6.80675 2.83245
6.807 2.82316
6.80725 2.8067
6.8075 2.78199
6.80775 2.76048
6.808 2.74427
6.80825 2.72696
6.8085 2.7177
6.80875 2.71086
6.809 2.70747
6.80925 2.70609
6.8095 2.70344
6.80975 2.70348
6.81 2.70373
6.81025 2.70448
6.8105 2.70643
6.81075 2.70918
6.811 2.71208
6.81125 2.7234
6.8115 2.73102
6.81175 2.73303
6.812 2.73713
6.81225 2.73272
6.8125 2.71708
6.81275 2.70247
6.813 2.69074
6.81325 2.67482
6.8135 2.66389
6.81375 2.65496
6.814 2.64825
6.81425 2.64197
6.8145 2.63772
6.81475 2.6332
6.815 2.6318
6.81525 2.62739
6.8155 2.62424
6.81575 2.62075
6.816 2.62017
6.81625 2.62576
6.8165 2.62801
6.81675 2.6214
6.817 2.61847
6.81725 2.60248
6.8175 2.57253
6.81775 2.54122
6.818 2.5105
6.81825 2.46631
6.8185 2.42061
6.81875 2.3684
6.819 2.30838
6.81925 2.23979
6.8195 2.16267
6.81975 2.07723
6.82 1.98224
6.82025 1.87739
6.8205 1.76127
6.82075 1.63495
6.821 1.49996
6.82125 1.35995
6.8215 1.19621
6.82175 1.02049
6.822 0.865441
6.82225 0.709193
6.8225 0.552803
6.82275 0.420985
6.823 0.310697
6.82325 0.195493
6.8235 0.149515
6.82375 0.097383
6.824 0.07918
6.82425 0.079675
10.1845 0.044193
10.1848 0.062204
10.185 0.103179
10.1852 0.183057
10.1855 0.261378
10.1858 0.393336
10.186 0.543534
10.1862 0.700005
10.1865 0.876209
10.1867 1.05316
10.187 1.23296
10.1873 1.41248
10.1875 1.59028
10.1877 1.75465
10.188 1.91587
10.1883 2.07562
10.1885 2.22701
10.1888 2.36246
10.189 2.47969
10.1892 2.57811
10.1895 2.65433
10.1898 2.71173
10.19 2.75749
10.1903 2.80202
10.1905 2.84106
10.1907 2.87163
10.191 2.89853
10.1913 2.92124
10.1915 2.93757
10.1918 2.95137
10.192 2.9664
10.1922 2.9729
10.1925 2.97738
10.1928 2.97879
10.193 2.9789
10.1933 2.98063
10.1935 2.98307
10.1937 2.97973
10.194 2.9804
10.1943 2.97343
10.1945 2.9571
10.1948 2.94261
10.195 2.92959
10.1952 2.91443
10.1955 2.90196
10.1958 2.89128
10.196 2.8822
10.1963 2.87513
10.1965 2.86916
10.1967 2.86635
10.197 2.86433
10.1973 2.86151
10.1975 2.85916
10.1978 2.85495
10.198 2.84971
10.1982 2.8498
10.1985 2.8444
10.1988 2.83245
10.199 2.82316
10.1993 2.8067
10.1995 2.78199
10.1997 2.76048
10.2 2.74427
10.2003 2.72696
10.2005 2.7177
10.2008 2.71086
10.201 2.70747
10.2012 2.70609
10.2015 2.70344
10.2018 2.70348
10.202 2.70373
10.2022 2.70448
10.2025 2.70643
10.2027 2.70918
10.203 2.71208
10.2033 2.7234
10.2035 2.73102
10.2037 2.73303
10.204 2.73713
10.2043 2.73272
10.2045 2.71708
10.2048 2.70247
10.205 2.69074
10.2052 2.67482
10.2055 2.66389
10.2058 2.65496
10.206 2.64825
10.2063 2.64197
10.2065 2.63772
10.2067 2.6332
10.207 2.6318
10.2073 2.62739
10.2075 2.62424
10.2078 2.62075
10.208 2.62017
10.2082 2.62576
10.2085 2.62801
10.2088 2.6214
10.209 2.61847
10.2093 2.60248
10.2095 2.57253
10.2097 2.54122
10.21 2.5105
10.2103 2.46631
10.2105 2.42061
10.2108 2.3684
10.211 2.30838
10.2112 2.23979
10.2115 2.16267
10.2118 2.07723
10.212 1.98224
10.2123 1.87739
10.2125 1.76127
10.2127 1.63495
10.213 1.49996
10.2133 1.35995
10.2135 1.19621
10.2138 1.02049
10.214 0.865441
10.2142 0.709193
10.2145 0.552803
10.2148 0.420985
10.215 0.310697
10.2153 0.195493
10.2155 0.149515
10.2157 0.097383
10.216 0.07918
10.2162 0.079675
10.2165 0.044193
10.2167 0.062204
10.217 0.103179
10.2172 0.183057
10.2175 0.261378
10.2178 0.393336
10.218 0.543534
10.2182 0.700005
10.2185 0.876209
10.2188 1.05316
10.219 1.23296
10.2193 1.41248
10.2195 1.59028
10.2197 1.75465
10.22 1.91587
10.2203 2.07562
10.2205 2.22701
10.2208 2.36246
10.221 2.47969
10.2212 2.57811
10.2215 2.65433
10.2218 2.71173
10.222 2.75749
10.2223 2.80202
10.2225 2.84106
10.2227 2.87163
10.223 2.89853
10.2233 2.92124
10.2235 2.93757
10.2238 2.95137
10.224 2.9664
10.2242 2.9729
10.2245 2.97738
10.2248 2.97879
10.225 2.9789
10.2253 2.98063
10.2255 2.98307
10.2257 2.97973
10.226 2.9804
10.2263 2.97343
10.2265 2.9571
10.2268 2.94261
10.227 2.92959
10.2272 2.91443
10.2275 2.90196
10.2278 2.89128
10.228 2.8822
10.2283 2.87513
10.2285 2.86916
10.2287 2.86635
10.229 2.86433
10.2293 2.86151
10.2295 2.85916
10.2298 2.85495
10.23 2.84971
10.2302 2.8498
10.2305 2.8444
10.2308 2.83245
10.231 2.82316
10.2313 2.8067
10.2315 2.78199
10.2317 2.76048
10.232 2.74427
10.2323 2.72696
10.2325 2.7177
10.2327 2.71086
10.233 2.70747
10.2332 2.70609
10.2335 2.70344
10.2338 2.70348
10.234 2.70373
10.2342 2.70448
10.2345 2.70643
10.2348 2.70918
10.235 2.71208
10.2353 2.7234
10.2355 2.73102
10.2357 2.73303
10.236 2.73713
10.2363 2.73272
10.2365 2.71708
10.2368 2.70247
10.237 2.69074
10.2372 2.67482
10.2375 2.66389
10.2378 2.65496
10.238 2.64825
10.2383 2.64197
10.2385 2.63772
10.2387 2.6332
10.239 2.6318
10.2393 2.62739
10.2395 2.62424
10.2398 2.62075
10.24 2.62017
10.2402 2.62576
10.2405 2.62801
10.2408 2.6214
10.241 2.61847
10.2413 2.60248
10.2415 2.57253
10.2417 2.54122
10.242 2.5105
10.2423 2.46631
10.2425 2.42061
10.2428 2.3684
10.243 2.30838
10.2432 2.23979
10.2435 2.16267
10.2438 2.07723
10.244 1.98224
10.2443 1.87739
10.2445 1.76127
10.2447 1.63495
10.245 1.49996
10.2453 1.35995
10.2455 1.19621
10.2458 1.02049
10.246 0.865441
10.2462 0.709193
10.2465 0.552803
10.2468 0.420985
10.247 0.310697
10.2473 0.195493
10.2475 0.149515
10.2477 0.097383
10.248 0.07918
10.2482 0.079675
10.2485 0.044193
10.2487 0.062204
10.249 0.103179
10.2492 0.183057
10.2495 0.261378
10.2498 0.393336
10.25 0.543534
10.2502 0.700005
10.2505 0.876209
10.2508 1.05316
10.251 1.23296
10.2513 1.41248
10.2515 1.59028
10.2517 1.75465
10.252 1.91587
10.2523 2.07562
10.2525 2.22701
10.2528 2.36246
10.253 2.47969
10.2532 2.57811
10.2535 2.65433
10.2538 2.71173
10.254 2.75749
10.2543 2.80202
10.2545 2.84106
10.2547 2.87163
10.255 2.89853
10.2553 2.92124
10.2555 2.93757
10.2558 2.95137
10.256 2.9664
10.2562 2.9729
10.2565 2.97738
10.2568 2.97879
10.257 2.9789
10.2573 2.98063
10.2575 2.98307
10.2577 2.97973
10.258 2.9804
10.2583 2.97343
10.2585 2.9571
10.2588 2.94261
10.259 2.92959
10.2592 2.91443
10.2595 2.90196
10.2598 2.89128
10.26 2.8822
10.2603 2.87513
10.2605 2.86916
10.2607 2.86635
10.261 2.86433
10.2613 2.86151
10.2615 2.85916
10.2618 2.85495
10.262 2.84971
10.2622 2.8498
10.2625 2.8444
10.2628 2.83245
10.263 2.82316
10.2633 2.8067
10.2635 2.78199
10.2637 2.76048
10.264 2.74427
10.2643 2.72696
10.2645 2.7177
10.2647 2.71086
10.265 2.70747
10.2652 2.70609
10.2655 2.70344
10.2658 2.70348
10.266 2.70373
10.2662 2.70448
10.2665 2.70643
10.2668 2.70918
10.267 2.71208
10.2673 2.7234
10.2675 2.73102
10.2677 2.73303
10.268 2.73713
10.2683 2.73272
10.2685 2.71708
10.2688 2.70247
10.269 2.69074
10.2692 2.67482
10.2695 2.66389
10.2698 2.65496
10.27 2.64825
10.2703 2.64197
10.2705 2.63772
10.2707 2.6332
10.271 2.6318
10.2713 2.62739
10.2715 2.62424
10.2718 2.62075
10.272 2.62017
10.2722 2.62576
10.2725 2.62801
10.2728 2.6214
10.273 2.61847
10.2733 2.60248
10.2735 2.57253
10.2737 2.54122
10.274 2.5105
10.2743 2.46631
10.2745 2.42061
10.2748 2.3684
10.275 2.30838
10.2752 2.23979
10.2755 2.16267
10.2758 2.07723
10.276 1.98224
10.2763 1.87739
10.2765 1.76127
10.2767 1.63495
10.277 1.49996
10.2773 1.35995
10.2775 1.19621
10.2778 1.02049
10.278 0.865441
10.2782 0.709193
10.2785 0.552803
10.2788 0.420985
10.279 0.310697
10.2792 0.195493
10.2795 0.149515
10.2797 0.097383
10.28 0.07918
10.2802 0.079675
10.3765 0.044193
10.3767 0.062204
10.377 0.103179
10.3773 0.183057
10.3775 0.261378
10.3778 0.393336
10.378 0.543534
10.3782 0.700005
10.3785 0.876209
10.3788 1.05316
10.379 1.23296
10.3793 1.41248
10.3795 1.59028
10.3797 1.75465
10.38 1.91587
10.3803 2.07562
10.3805 2.22701
10.3808 2.36246
10.381 2.47969
10.3812 2.57811
10.3815 2.65433
10.3818 2.71173
10.382 2.75749
10.3823 2.80202
10.3825 2.84106
10.3827 2.87163
10.383 2.89853
10.3833 2.92124
10.3835 2.93757
10.3838 2.95137
10.384 2.9664
10.3842 2.9729
10.3845 2.97738
10.3848 2.97879
10.385 2.9789
10.3853 2.98063
10.3855 2.98307
10.3857 2.97973
10.386 2.9804
10.3863 2.97343
10.3865 2.9571
10.3868 2.94261
10.387 2.92959
10.3872 2.91443
10.3875 2.90196
10.3878 2.89128
10.388 2.8822
10.3883 2.87513
10.3885 2.86916
10.3887 2.86635
10.389 2.86433
10.3893 2.86151
10.3895 2.85916
10.3897 2.85495
10.39 2.84971
10.3902 2.8498
10.3905 2.8444
10.3908 2.83245
10.391 2.82316
10.3912 2.8067
10.3915 2.78199
10.3918 2.76048
10.392 2.74427
10.3923 2.72696
10.3925 2.7177
10.3927 2.71086
10.393 2.70747
10.3933 2.70609
10.3935 2.70344
10.3938 2.70348
10.394 2.70373
10.3942 2.70448
10.3945 2.70643
10.3948 2.70918
10.395 2.71208
10.3953 2.7234
10.3955 2.73102
10.3957 2.73303
10.396 2.73713
10.3963 2.73272
10.3965 2.71708
10.3968 2.70247
10.397 2.69074
10.3972 2.67482
10.3975 2.66389
10.3978 2.65496
10.398 2.64825
10.3983 2.64197
10.3985 2.63772
10.3987 2.6332
10.399 2.6318
10.3993 2.62739
10.3995 2.62424
10.3998 2.62075
10.4 2.62017
10.4002 2.62576
10.4005 2.62801
10.4008 2.6214
10.401 2.61847
10.4013 2.60248
10.4015 2.57253
10.4017 2.54122
10.402 2.5105
10.4023 2.46631
10.4025 2.42061
10.4028 2.3684
10.403 2.30838
10.4032 2.23979
10.4035 2.16267
10.4038 2.07723
10.404 1.98224
10.4042 1.87739
10.4045 1.76127
10.4047 1.63495
10.405 1.49996
10.4053 1.35995
10.4055 1.19621
10.4057 1.02049
10.406 0.865441
10.4062 0.709193
10.4065 0.552803
10.4068 0.420985
10.407 0.310697
10.4072 0.195493
10.4075 0.149515
10.4078 0.097383
10.408 0.07918
10.4082 0.079675
10.4725 0.044193
10.4727 0.062204
10.473 0.103179
10.4733 0.183057
10.4735 0.261378
10.4738 0.393336
10.474 0.543534
10.4742 0.700005
10.4745 0.876209
10.4748 1.05316
10.475 1.23296
10.4753 1.41248
10.4755 1.59028
10.4757 1.75465
10.476 1.91587
10.4763 2.07562
10.4765 2.22701
10.4768 2.36246
10.477 2.47969
10.4772 2.57811
10.4775 2.65433
10.4778 2.71173
10.478 2.75749
10.4783 2.80202
10.4785 2.84106
10.4787 2.87163
10.479 2.89853
10.4793 2.92124
10.4795 2.93757
10.4798 2.95137
10.48 2.9664
10.4802 2.9729
10.4805 2.97738
10.4808 2.97879
10.481 2.9789
10.4813 2.98063
10.4815 2.98307
10.4817 2.97973
10.482 2.9804
10.4823 2.97343
10.4825 2.9571
10.4827 2.94261
10.483 2.92959
10.4832 2.91443
10.4835 2.90196
10.4838 2.89128
10.484 2.8822
10.4842 2.87513
10.4845 2.86916
10.4848 2.86635
10.485 2.86433
10.4853 2.86151
10.4855 2.85916
10.4857 2.85495
10.486 2.84971
10.4863 2.8498
10.4865 2.8444
10.4868 2.83245
10.487 2.82316
10.4872 2.8067
10.4875 2.78199
10.4878 2.76048
10.488 2.74427
10.4883 2.72696
10.4885 2.7177
10.4887 2.71086
10.489 2.70747
10.4893 2.70609
10.4895 2.70344
10.4898 2.70348
10.49 2.70373
10.4902 2.70448
10.4905 2.70643
10.4908 2.70918
10.491 2.71208
10.4913 2.7234
10.4915 2.73102
10.4917 2.73303
10.492 2.73713
10.4923 2.73272
10.4925 2.71708
10.4928 2.70247
10.493 2.69074
10.4932 2.67482
10.4935 2.66389
10.4938 2.65496
10.494 2.64825
10.4943 2.64197
10.4945 2.63772
10.4947 2.6332
10.495 2.6318
10.4953 2.62739
10.4955 2.62424
10.4958 2.62075
10.496 2.62017
10.4962 2.62576
10.4965 2.62801
10.4968 2.6214
10.497 2.61847
10.4973 2.60248
10.4975 2.57253
10.4977 2.54122
10.498 2.5105
10.4983 2.46631
10.4985 2.42061
10.4987 2.3684
10.499 2.30838
10.4992 2.23979
10.4995 2.16267
10.4998 2.07723
10.5 1.98224
10.5002 1.87739
10.5005 1.76127
10.5008 1.63495
10.501 1.49996
10.5013 1.35995
10.5015 1.19621
10.5017 1.02049
10.502 0.865441
10.5023 0.709193
10.5025 0.552803
10.5028 0.420985
10.503 0.310697
10.5032 0.195493
10.5035 0.149515
10.5038 0.097383
10.504 0.07918
10.5042 0.079675
10.5365 0.044193
10.5367 0.062204
10.537 0.103179
10.5373 0.183057
10.5375 0.261378
10.5378 0.393336
10.538 0.543534
10.5382 0.700005
10.5385 0.876209
10.5388 1.05316
10.539 1.23296
10.5393 1.41248
10.5395 1.59028
10.5397 1.75465
10.54 1.91587
10.5403 2.07562
10.5405 2.22701
10.5408 2.36246
10.541 2.47969
10.5412 2.57811
10.5415 2.65433
10.5418 2.71173
10.542 2.75749
10.5423 2.80202
10.5425 2.84106
10.5427 2.87163
10.543 2.89853
10.5433 2.92124
10.5435 2.93757
10.5438 2.95137
10.544 2.9664
10.5442 2.9729
10.5445 2.97738
10.5448 2.97879
10.545 2.9789
10.5452 2.98063
10.5455 2.98307
10.5457 2.97973
10.546 2.9804
10.5463 2.97343
10.5465 2.9571
10.5467 2.94261
10.547 2.92959
10.5473 2.91443
10.5475 2.90196
10.5478 2.89128
10.548 2.8822
10.5482 2.87513
10.5485 2.86916
10.5488 2.86635
10.549 2.86433
10.5493 2.86151
10.5495 2.85916
10.5497 2.85495
10.55 2.84971
10.5503 2.8498
10.5505 2.8444
10.5508 2.83245
10.551 2.82316
10.5512 2.8067
10.5515 2.78199
10.5518 2.76048
10.552 2.74427
10.5523 2.72696
10.5525 2.7177
10.5527 2.71086
10.553 2.70747
10.5533 2.70609
10.5535 2.70344
10.5538 2.70348
10.554 2.70373
10.5542 2.70448
10.5545 2.70643
10.5548 2.70918
10.555 2.71208
10.5553 2.7234
10.5555 2.73102
10.5557 2.73303
10.556 2.73713
10.5563 2.73272
10.5565 2.71708
10.5568 2.70247
10.557 2.69074
10.5572 2.67482
10.5575 2.66389
10.5578 2.65496
10.558 2.64825
10.5583 2.64197
10.5585 2.63772
10.5587 2.6332
10.559 2.6318
10.5593 2.62739
10.5595 2.62424
10.5598 2.62075
10.56 2.62017
10.5602 2.62576
10.5605 2.62801
10.5608 2.6214
10.561 2.61847
10.5612 2.60248
10.5615 2.57253
10.5617 2.54122
10.562 2.5105
10.5623 2.46631
10.5625 2.42061
10.5627 2.3684
10.563 2.30838
10.5633 2.23979
10.5635 2.16267
10.5638 2.07723
10.564 1.98224
10.5642 1.87739
10.5645 1.76127
10.5648 1.63495
10.565 1.49996
10.5653 1.35995
10.5655 1.19621
10.5657 1.02049
10.566 0.865441
10.5663 0.709193
10.5665 0.552803
10.5668 0.420985
10.567 0.310697
10.5672 0.195493
10.5675 0.149515
10.5678 0.097383
10.568 0.07918
10.5682 0.079675
10.6005 0.044193
10.6007 0.062204
10.601 0.103179
10.6013 0.183057
10.6015 0.261378
10.6018 0.393336
10.602 0.543534
10.6022 0.700005
10.6025 0.876209
10.6028 1.05316
10.603 1.23296
10.6033 1.41248
10.6035 1.59028
10.6037 1.75465
10.604 1.91587
10.6043 2.07562
10.6045 2.22701
10.6048 2.36246
10.605 2.47969
10.6052 2.57811
10.6055 2.65433
10.6058 2.71173
10.606 2.75749
10.6063 2.80202
10.6065 2.84106
10.6067 2.87163
10.607 2.89853
10.6073 2.92124
10.6075 2.93757
10.6077 2.95137
10.608 2.9664
10.6082 2.9729
10.6085 2.97738
10.6088 2.97879
10.609 2.9789
10.6092 2.98063
10.6095 2.98307
10.6098 2.97973
10.61 2.9804
10.6103 2.97343
10.6105 2.9571
10.6107 2.94261
10.611 2.92959
10.6113 2.91443
10.6115 2.90196
10.6118 2.89128
10.612 2.8822
10.6122 2.87513
10.6125 2.86916
10.6128 2.86635
10.613 2.86433
10.6133 2.86151
10.6135 2.85916
10.6137 2.85495
10.614 2.84971
10.6143 2.8498
10.6145 2.8444
10.6148 2.83245
10.615 2.82316
10.6152 2.8067
10.6155 2.78199
10.6158 2.76048
10.616 2.74427
10.6163 2.72696
10.6165 2.7177
10.6167 2.71086
10.617 2.70747
10.6173 2.70609
10.6175 2.70344
10.6178 2.70348
10.618 2.70373
10.6182 2.70448
10.6185 2.70643
10.6188 2.70918
10.619 2.71208
10.6193 2.7234
10.6195 2.73102
10.6197 2.73303
10.62 2.73713
10.6203 2.73272
10.6205 2.71708
10.6208 2.70247
10.621 2.69074
10.6212 2.67482
10.6215 2.66389
10.6218 2.65496
10.622 2.64825
10.6223 2.64197
10.6225 2.63772
10.6227 2.6332
10.623 2.6318
10.6233 2.62739
10.6235 2.62424
10.6237 2.62075
10.624 2.62017
10.6242 2.62576
10.6245 2.62801
10.6248 2.6214
10.625 2.61847
10.6252 2.60248
10.6255 2.57253
10.6258 2.54122
10.626 2.5105
10.6263 2.46631
10.6265 2.42061
10.6267 2.3684
10.627 2.30838
10.6273 2.23979
10.6275 2.16267
10.6278 2.07723
10.628 1.98224
10.6282 1.87739
10.6285 1.76127
10.6288 1.63495
10.629 1.49996
10.6293 1.35995
10.6295 1.19621
10.6297 1.02049
10.63 0.865441
10.6303 0.709193
10.6305 0.552803
10.6308 0.420985
10.631 0.310697
10.6312 0.195493
10.6315 0.149515
10.6318 0.097383
10.632 0.07918
10.6322 0.079675
10.6325 0.044193
10.6327 0.062204
10.633 0.103179
10.6333 0.183057
10.6335 0.261378
10.6338 0.393336
10.634 0.543534
10.6342 0.700005
10.6345 0.876209
10.6348 1.05316
10.635 1.23296
10.6353 1.41248
10.6355 1.59028
10.6357 1.75465
10.636 1.91587
10.6363 2.07562
10.6365 2.22701
10.6368 2.36246
10.637 2.47969
10.6372 2.57811
10.6375 2.65433
10.6378 2.71173
10.638 2.75749
10.6383 2.80202
10.6385 2.84106
10.6387 2.87163
10.639 2.89853
10.6393 2.92124
10.6395 2.93757
10.6397 2.95137
10.64 2.9664
10.6402 2.9729
10.6405 2.97738
10.6408 2.97879
10.641 2.9789
10.6412 2.98063
10.6415 2.98307
10.6418 2.97973
10.642 2.9804
10.6423 2.97343
10.6425 2.9571
10.6427 2.94261
10.643 2.92959
10.6433 2.91443
10.6435 2.90196
10.6438 2.89128
10.644 2.8822
10.6442 2.87513
10.6445 2.86916
10.6448 2.86635
10.645 2.86433
10.6453 2.86151
10.6455 2.85916
10.6457 2.85495
10.646 2.84971
10.6463 2.8498
10.6465 2.8444
10.6468 2.83245
10.647 2.82316
10.6472 2.8067
10.6475 2.78199
10.6478 2.76048
10.648 2.74427
10.6483 2.72696
10.6485 2.7177
10.6487 2.71086
10.649 2.70747
10.6493 2.70609
10.6495 2.70344
10.6498 2.70348
10.65 2.70373
10.6502 2.70448
10.6505 2.70643
10.6508 2.70918
10.651 2.71208
10.6513 2.7234
10.6515 2.73102
10.6517 2.73303
10.652 2.73713
10.6523 2.73272
10.6525 2.71708
10.6528 2.70247
10.653 2.69074
10.6532 2.67482
10.6535 2.66389
10.6538 2.65496
10.654 2.64825
10.6543 2.64197
10.6545 2.63772
10.6547 2.6332
10.655 2.6318
10.6553 2.62739
10.6555 2.62424
10.6557 2.62075
10.656 2.62017
10.6562 2.62576
10.6565 2.62801
10.6568 2.6214
10.657 2.61847
10.6572 2.60248
10.6575 2.57253
10.6578 2.54122
10.658 2.5105
10.6583 2.46631
10.6585 2.42061
10.6587 2.3684
10.659 2.30838
10.6593 2.23979
10.6595 2.16267
10.6598 2.07723
10.66 1.98224
10.6602 1.87739
10.6605 1.76127
10.6608 1.63495
10.661 1.49996
10.6613 1.35995
10.6615 1.19621
10.6617 1.02049
10.662 0.865441
10.6623 0.709193
10.6625 0.552803
10.6628 0.420985
10.663 0.310697
10.6632 0.195493
10.6635 0.149515
10.6638 0.097383
10.664 0.07918
10.6642 0.079675
