writeVDIF version 1:

10001010011111100111001011001010
00000111010010010011011111110111
11001001100011001001111010010011
01101001010100010000110001100001
00111111011110100000100101001000
01110111100010100001011111001001
10101010000101110011010010101110
01100011010100101011100111111101
00011011101100110001011001101101

writeVDIF version 2:

10001010011111100111001011001010
00000111010010010011011111110111
11001001100011001001111010010011
01101001010100010000110001100001
00111111011110100000100101001000
01110111100010100001011111001001
10101010000101110011010010101110
01100011010100101011100111111101
00011011101100110001011001101101


10001010011111100111001011001010
00000111010010010011011111110111
11001001100011001001111010010011
01101001010100010000110001100001
00111111011110100000100101001000
01110111100010100001011111001001
10101010000101110011010010101110
01100011010100101011100111111101
00011011101100110001011001101101